64 1009
0 1
0 2
0 4
0 5
0 6
0 8
0 12
0 16
0 19
0 21
0 22
0 23
0 31
0 32
0 33
0 35
0 37
0 38
0 44
0 45
0 47
0 52
0 53
0 54
0 57
0 58
0 59
0 60
0 62
1 4
1 6
1 8
1 12
1 13
1 14
1 15
1 17
1 18
1 19
1 20
1 21
1 23
1 24
1 25
1 30
1 31
1 35
1 39
1 41
1 42
1 45
1 46
1 47
1 48
1 49
1 50
1 51
1 54
1 57
2 8
2 9
2 11
2 19
2 21
2 23
2 25
2 27
2 30
2 31
2 34
2 37
2 38
2 40
2 42
2 45
2 47
2 51
2 52
2 55
2 56
2 57
2 58
2 60
2 61
2 62
2 63
3 4
3 5
3 6
3 8
3 11
3 12
3 13
3 16
3 17
3 21
3 23
3 24
3 26
3 29
3 30
3 32
3 33
3 36
3 37
3 40
3 43
3 47
3 48
3 49
3 50
3 52
3 53
3 54
3 55
3 56
3 61
3 63
4 6
4 7
4 8
4 9
4 11
4 14
4 16
4 17
4 18
4 19
4 20
4 21
4 26
4 29
4 30
4 32
4 34
4 35
4 36
4 39
4 43
4 44
4 47
4 48
4 49
4 53
4 56
4 57
4 58
4 59
4 62
5 8
5 9
5 10
5 11
5 12
5 17
5 20
5 24
5 25
5 26
5 27
5 28
5 29
5 30
5 34
5 36
5 37
5 39
5 40
5 46
5 47
5 48
5 49
5 50
5 51
5 53
5 54
5 57
5 60
6 12
6 13
6 17
6 21
6 23
6 26
6 28
6 29
6 31
6 32
6 33
6 35
6 37
6 38
6 39
6 43
6 44
6 45
6 46
6 47
6 49
6 54
6 55
6 56
6 58
6 60
6 61
7 9
7 10
7 11
7 14
7 16
7 18
7 20
7 22
7 23
7 26
7 27
7 29
7 30
7 32
7 36
7 37
7 38
7 39
7 41
7 42
7 45
7 46
7 47
7 48
7 52
7 54
7 56
7 58
7 59
7 62
7 63
8 11
8 12
8 13
8 16
8 17
8 18
8 20
8 21
8 24
8 25
8 26
8 27
8 29
8 30
8 31
8 33
8 34
8 36
8 37
8 38
8 39
8 40
8 41
8 42
8 43
8 45
8 46
8 47
8 48
8 49
8 50
8 51
8 52
8 55
8 57
8 59
8 60
8 61
8 62
8 63
9 10
9 11
9 12
9 13
9 15
9 17
9 18
9 20
9 21
9 23
9 24
9 25
9 28
9 30
9 31
9 32
9 37
9 38
9 39
9 40
9 42
9 44
9 47
9 49
9 51
9 53
9 54
9 56
9 57
9 59
9 61
9 63
10 11
10 15
10 16
10 18
10 20
10 25
10 26
10 30
10 34
10 35
10 36
10 37
10 39
10 43
10 47
10 50
10 54
10 55
10 56
10 59
10 61
10 63
11 14
11 17
11 19
11 21
11 24
11 27
11 28
11 29
11 30
11 31
11 32
11 35
11 36
11 39
11 40
11 41
11 42
11 43
11 45
11 50
11 51
11 54
11 59
11 60
11 61
12 13
12 14
12 15
12 16
12 17
12 19
12 20
12 21
12 23
12 24
12 27
12 28
12 30
12 31
12 36
12 37
12 38
12 39
12 40
12 42
12 46
12 47
12 48
12 49
12 52
12 53
12 56
12 59
12 60
13 14
13 15
13 16
13 17
13 18
13 21
13 22
13 23
13 24
13 27
13 29
13 30
13 36
13 37
13 38
13 39
13 42
13 43
13 45
13 46
13 47
13 49
13 53
13 54
13 55
13 57
13 58
13 60
13 62
14 15
14 16
14 19
14 22
14 23
14 24
14 27
14 29
14 31
14 32
14 33
14 34
14 35
14 36
14 39
14 40
14 41
14 42
14 43
14 44
14 45
14 47
14 49
14 51
14 52
14 60
14 63
15 16
15 17
15 18
15 20
15 21
15 22
15 26
15 29
15 30
15 32
15 34
15 36
15 39
15 40
15 45
15 51
15 52
15 58
15 60
15 61
15 62
15 63
16 19
16 20
16 21
16 22
16 24
16 27
16 28
16 29
16 32
16 33
16 35
16 37
16 42
16 45
16 48
16 50
16 53
16 54
16 55
16 59
16 60
16 61
16 62
16 63
17 18
17 19
17 20
17 22
17 25
17 26
17 27
17 28
17 31
17 34
17 35
17 36
17 37
17 38
17 40
17 41
17 42
17 43
17 44
17 45
17 46
17 47
17 48
17 49
17 50
17 51
17 56
17 63
18 22
18 23
18 24
18 25
18 27
18 32
18 35
18 36
18 39
18 43
18 44
18 50
18 51
18 52
18 53
18 54
18 56
18 58
18 59
18 61
19 21
19 22
19 25
19 26
19 28
19 29
19 30
19 31
19 32
19 33
19 35
19 36
19 39
19 46
19 48
19 49
19 51
19 52
19 53
19 54
19 55
19 58
19 59
19 61
19 62
19 63
20 21
20 22
20 25
20 27
20 33
20 35
20 37
20 41
20 43
20 46
20 47
20 48
20 50
20 51
20 59
20 60
20 62
20 63
21 22
21 24
21 29
21 31
21 35
21 37
21 40
21 41
21 44
21 53
21 54
21 58
21 60
21 62
22 23
22 24
22 27
22 29
22 30
22 31
22 33
22 40
22 44
22 45
22 47
22 49
22 57
22 58
22 60
22 61
22 62
23 24
23 25
23 28
23 30
23 31
23 32
23 36
23 38
23 39
23 40
23 41
23 43
23 44
23 45
23 46
23 50
23 51
23 53
23 54
23 57
23 59
23 60
23 61
23 62
24 25
24 28
24 30
24 31
24 34
24 36
24 37
24 38
24 39
24 43
24 44
24 45
24 47
24 48
24 51
24 52
24 59
25 29
25 30
25 33
25 35
25 36
25 38
25 41
25 44
25 46
25 47
25 51
25 52
25 57
26 27
26 28
26 29
26 30
26 31
26 39
26 40
26 46
26 48
26 49
26 50
26 51
26 52
26 53
26 55
26 56
26 59
26 63
27 29
27 30
27 32
27 33
27 36
27 37
27 38
27 41
27 43
27 44
27 45
27 46
27 48
27 49
27 54
27 55
27 57
27 59
27 60
28 31
28 32
28 37
28 38
28 39
28 42
28 44
28 46
28 50
28 51
28 52
28 55
28 56
28 57
28 59
28 62
29 30
29 31
29 32
29 33
29 34
29 37
29 40
29 41
29 44
29 45
29 49
29 50
29 51
29 52
29 54
29 55
29 59
29 62
29 63
30 32
30 36
30 37
30 40
30 41
30 43
30 44
30 47
30 49
30 50
30 52
30 53
30 54
30 57
30 60
30 61
30 63
31 32
31 34
31 36
31 37
31 38
31 40
31 41
31 44
31 47
31 48
31 52
31 53
31 54
31 59
31 63
32 40
32 41
32 45
32 46
32 47
32 50
32 51
32 52
32 54
32 56
32 58
32 60
32 62
33 34
33 36
33 39
33 40
33 42
33 44
33 45
33 46
33 47
33 49
33 51
33 52
33 53
33 54
33 56
33 60
34 35
34 37
34 39
34 40
34 41
34 42
34 43
34 45
34 47
34 50
34 51
34 55
34 56
34 61
34 63
35 38
35 40
35 41
35 46
35 47
35 49
35 52
35 56
35 57
35 58
35 59
35 60
35 62
36 39
36 40
36 46
36 47
36 51
36 52
36 56
36 59
36 60
36 63
37 38
37 39
37 40
37 41
37 42
37 43
37 44
37 45
37 46
37 47
37 52
37 57
37 58
37 59
37 61
38 39
38 40
38 41
38 43
38 44
38 46
38 48
38 49
38 50
38 53
38 54
38 55
38 56
38 57
38 58
38 63
39 41
39 42
39 43
39 44
39 47
39 49
39 50
39 51
39 52
39 56
39 57
39 58
39 59
39 60
39 62
39 63
40 41
40 44
40 46
40 48
40 49
40 50
40 51
40 54
40 55
40 57
40 60
40 61
40 62
40 63
41 47
41 48
41 49
41 51
41 52
41 53
41 54
41 55
41 56
41 57
41 60
41 61
42 44
42 45
42 47
42 48
42 50
42 51
42 53
42 57
42 58
42 59
43 44
43 46
43 49
43 50
43 54
43 59
43 61
43 62
43 63
44 46
44 50
44 51
44 52
44 56
44 58
44 60
44 63
45 46
45 47
45 48
45 50
45 51
45 52
45 53
45 54
45 57
45 59
45 60
46 47
46 51
46 55
46 56
46 57
46 59
47 53
47 55
47 57
47 59
47 60
47 62
48 53
48 56
48 58
48 59
48 60
48 62
48 63
49 50
49 51
49 55
49 58
49 59
49 61
49 62
50 58
51 53
51 54
51 56
51 57
51 59
51 62
52 53
52 54
52 55
52 57
52 62
52 63
53 54
53 57
53 58
53 59
53 62
53 63
54 57
54 60
55 57
55 59
55 62
55 63
56 57
57 58
57 60
57 62
57 63
58 59
58 61
59 60
59 62
59 63
61 62
61 63
62 63
