64 993
0 1
0 2
0 3
0 5
0 7
0 9
0 10
0 14
0 15
0 20
0 24
0 26
0 28
0 30
0 31
0 32
0 36
0 38
0 40
0 41
0 42
0 43
0 45
0 46
0 47
0 48
0 49
0 53
0 54
0 58
0 59
0 60
0 62
0 63
1 3
1 9
1 11
1 12
1 13
1 15
1 17
1 18
1 19
1 20
1 21
1 24
1 25
1 29
1 31
1 32
1 35
1 39
1 41
1 44
1 47
1 53
1 54
1 56
1 58
1 59
1 60
1 61
1 63
2 4
2 9
2 10
2 11
2 16
2 17
2 19
2 20
2 22
2 24
2 25
2 31
2 32
2 34
2 35
2 36
2 37
2 38
2 39
2 40
2 43
2 44
2 46
2 47
2 50
2 51
2 57
2 58
2 61
2 62
2 63
3 4
3 8
3 10
3 13
3 14
3 17
3 18
3 20
3 22
3 24
3 25
3 26
3 30
3 31
3 32
3 38
3 39
3 40
3 42
3 47
3 51
3 52
3 56
3 58
3 60
3 62
4 5
4 9
4 10
4 11
4 12
4 13
4 18
4 19
4 21
4 22
4 23
4 26
4 27
4 28
4 29
4 32
4 34
4 38
4 42
4 45
4 47
4 51
4 53
4 56
4 57
4 59
4 60
4 61
4 62
5 6
5 7
5 9
5 15
5 18
5 20
5 22
5 25
5 26
5 27
5 28
5 29
5 32
5 33
5 36
5 37
5 38
5 39
5 41
5 42
5 45
5 47
5 49
5 52
5 53
5 55
5 56
5 59
5 60
5 61
5 63
6 10
6 11
6 15
6 16
6 17
6 18
6 21
6 23
6 24
6 26
6 29
6 33
6 34
6 35
6 37
6 38
6 41
6 42
6 46
6 48
6 49
6 51
6 52
6 58
6 61
6 62
6 63
7 10
7 11
7 13
7 14
7 17
7 21
7 24
7 27
7 28
7 31
7 32
7 33
7 34
7 35
7 36
7 37
7 38
7 41
7 44
7 45
7 47
7 49
7 51
7 53
7 54
7 55
7 57
7 63
8 10
8 13
8 14
8 15
8 16
8 22
8 23
8 25
8 26
8 29
8 32
8 33
8 35
8 38
8 42
8 46
8 47
8 48
8 49
8 59
8 62
9 10
9 11
9 14
9 16
9 20
9 21
9 24
9 31
9 33
9 34
9 35
9 36
9 38
9 41
9 42
9 44
9 48
9 49
9 50
9 52
9 53
9 54
9 57
9 58
9 60
9 62
9 63
10 11
10 12
10 17
10 18
10 19
10 22
10 24
10 25
10 28
10 29
10 30
10 35
10 36
10 38
10 40
10 42
10 45
10 46
10 53
10 55
10 56
10 57
10 58
10 59
10 62
10 63
11 13
11 14
11 15
11 17
11 19
11 22
11 23
11 25
11 26
11 27
11 28
11 30
11 32
11 34
11 35
11 37
11 38
11 39
11 42
11 43
11 46
11 51
11 53
11 54
12 13
12 14
12 16
12 17
12 22
12 24
12 27
12 28
12 30
12 31
12 33
12 34
12 36
12 37
12 38
12 39
12 41
12 42
12 44
12 45
12 48
12 49
12 50
12 51
12 55
12 56
12 57
12 58
12 59
13 14
13 18
13 21
13 24
13 27
13 31
13 32
13 33
13 37
13 39
13 43
13 46
13 53
13 54
13 63
14 17
14 18
14 21
14 24
14 29
14 30
14 31
14 35
14 36
14 37
14 40
14 42
14 43
14 46
14 47
14 49
14 52
14 57
14 60
14 61
14 63
15 20
15 21
15 22
15 23
15 25
15 26
15 27
15 28
15 30
15 31
15 33
15 34
15 35
15 37
15 38
15 39
15 40
15 41
15 43
15 44
15 46
15 48
15 49
15 50
15 51
15 52
15 56
15 58
15 60
15 61
15 62
16 19
16 22
16 23
16 24
16 27
16 29
16 33
16 34
16 35
16 38
16 39
16 41
16 45
16 46
16 49
16 50
16 51
16 52
16 54
16 56
16 60
16 61
16 62
17 20
17 26
17 28
17 31
17 33
17 35
17 36
17 38
17 39
17 40
17 43
17 44
17 45
17 48
17 49
17 51
17 53
17 54
17 55
17 57
17 58
17 59
17 60
17 63
18 20
18 21
18 22
18 24
18 26
18 33
18 35
18 37
18 38
18 39
18 41
18 42
18 46
18 48
18 52
18 53
18 54
18 57
18 59
18 60
18 62
19 20
19 21
19 22
19 25
19 28
19 29
19 30
19 32
19 33
19 34
19 38
19 39
19 41
19 42
19 45
19 47
19 49
19 50
19 52
19 53
19 54
19 57
19 58
19 62
19 63
20 21
20 28
20 29
20 31
20 33
20 38
20 40
20 41
20 42
20 45
20 48
20 49
20 50
20 54
20 56
20 57
20 59
20 60
20 61
20 62
20 63
21 22
21 35
21 36
21 37
21 40
21 41
21 45
21 47
21 48
21 49
21 50
21 52
21 55
21 57
21 58
21 59
21 60
21 62
22 23
22 27
22 32
22 33
22 34
22 37
22 39
22 40
22 42
22 44
22 45
22 46
22 47
22 49
22 50
22 51
22 56
22 57
22 60
22 62
22 63
23 26
23 27
23 30
23 32
23 33
23 34
23 39
23 40
23 44
23 46
23 48
23 52
23 53
23 57
23 58
23 60
23 62
24 25
24 27
24 30
24 31
24 33
24 34
24 35
24 38
24 39
24 40
24 41
24 43
24 47
24 48
24 49
24 50
24 51
24 52
24 54
24 55
24 56
24 57
24 58
24 59
24 61
24 62
24 63
25 29
25 30
25 36
25 38
25 41
25 43
25 44
25 47
25 49
25 50
25 52
25 53
25 58
25 59
25 61
25 63
26 30
26 31
26 32
26 33
26 34
26 35
26 36
26 37
26 38
26 41
26 42
26 43
26 44
26 49
26 55
26 61
26 62
26 63
27 29
27 30
27 31
27 32
27 34
27 36
27 37
27 38
27 41
27 44
27 47
27 50
27 53
27 54
27 57
27 58
27 59
28 29
28 31
28 32
28 34
28 39
28 41
28 46
28 49
28 50
28 51
28 52
28 53
28 56
28 61
29 30
29 31
29 32
29 35
29 36
29 37
29 41
29 43
29 45
29 46
29 49
29 50
29 52
29 53
29 55
29 56
29 57
29 58
29 59
29 63
30 31
30 32
30 33
30 34
30 35
30 36
30 38
30 39
30 43
30 45
30 51
30 52
30 54
30 55
30 56
30 58
30 60
31 32
31 36
31 38
31 40
31 41
31 42
31 44
31 47
31 50
31 51
31 52
31 53
31 54
31 55
31 58
31 59
31 60
31 61
31 63
32 33
32 35
32 37
32 40
32 42
32 43
32 44
32 48
32 51
32 53
32 54
32 55
32 62
33 34
33 39
33 40
33 47
33 49
33 50
33 51
33 53
33 55
33 56
33 58
33 59
33 61
34 40
34 41
34 43
34 45
34 48
34 49
34 53
34 54
34 55
34 56
34 59
34 60
34 61
34 62
34 63
35 38
35 39
35 40
35 43
35 48
35 49
35 50
35 55
35 56
35 58
35 59
35 60
35 61
36 37
36 38
36 40
36 41
36 42
36 43
36 47
36 48
36 49
36 53
36 55
36 56
36 60
37 38
37 39
37 40
37 41
37 43
37 44
37 50
37 51
37 52
37 58
37 62
38 42
38 44
38 46
38 48
38 52
38 53
38 55
38 56
38 58
38 59
38 61
39 41
39 43
39 44
39 45
39 46
39 47
39 49
39 50
39 53
39 55
39 57
39 58
39 61
39 62
39 63
40 41
40 43
40 44
40 45
40 46
40 47
40 49
40 51
40 52
40 54
40 55
40 57
40 58
40 59
40 61
40 62
41 43
41 44
41 45
41 46
41 49
41 54
41 57
41 62
41 63
42 45
42 46
42 48
42 49
42 53
42 55
42 56
42 57
42 59
42 60
42 62
43 44
43 45
43 46
43 48
43 51
43 52
43 58
43 63
44 45
44 46
44 47
44 48
44 51
44 52
44 53
44 55
44 58
44 60
44 61
45 46
45 48
45 58
45 60
45 61
45 63
46 48
46 50
46 51
46 54
46 55
46 56
46 57
46 58
46 59
46 61
47 49
47 50
47 51
47 54
47 55
47 60
47 62
47 63
48 50
48 51
48 53
48 55
48 56
48 60
48 62
49 50
49 53
49 55
49 57
49 60
49 61
49 63
50 52
50 53
50 54
50 56
50 57
50 59
50 60
50 62
50 63
51 53
51 56
51 58
52 53
52 55
52 58
52 59
52 60
52 61
52 63
53 56
53 57
53 58
53 59
53 62
53 63
54 55
54 58
54 62
54 63
55 56
55 61
56 57
56 58
56 60
56 61
56 63
57 58
57 59
58 60
58 61
58 62
59 60
59 61
60 61
60 62
60 63
61 62
61 63
62 63
