64 608
0 1
0 2
0 4
0 11
0 18
0 24
0 26
0 27
0 28
0 30
0 35
0 39
0 43
0 52
0 53
0 55
0 57
0 59
0 60
0 62
1 8
1 9
1 14
1 17
1 22
1 24
1 37
1 38
1 39
1 41
1 42
1 45
1 47
1 49
1 51
1 52
1 59
2 3
2 4
2 11
2 12
2 14
2 16
2 17
2 18
2 21
2 23
2 24
2 28
2 30
2 32
2 33
2 40
2 44
2 45
2 47
2 49
2 53
2 56
2 58
2 59
2 63
3 14
3 15
3 17
3 18
3 22
3 26
3 27
3 28
3 31
3 32
3 34
3 41
3 42
3 43
3 44
3 53
3 54
3 55
3 57
3 59
3 62
4 7
4 11
4 13
4 15
4 16
4 20
4 21
4 22
4 28
4 29
4 35
4 38
4 42
4 45
4 48
4 54
4 57
4 62
5 6
5 9
5 13
5 25
5 26
5 30
5 32
5 34
5 38
5 41
5 43
5 55
5 56
5 59
5 63
6 9
6 10
6 11
6 14
6 15
6 18
6 20
6 32
6 37
6 46
6 47
6 53
6 55
6 56
6 59
6 60
7 11
7 14
7 15
7 19
7 22
7 25
7 34
7 36
7 37
7 43
7 45
7 46
7 47
7 48
7 51
7 54
7 58
8 12
8 13
8 16
8 22
8 26
8 33
8 35
8 38
8 46
8 51
8 53
8 55
8 61
8 62
9 18
9 19
9 21
9 23
9 26
9 27
9 28
9 39
9 43
9 44
9 48
9 50
9 51
10 14
10 17
10 18
10 21
10 30
10 35
10 36
10 39
10 47
10 53
11 13
11 17
11 25
11 27
11 32
11 39
11 41
11 43
11 45
11 46
11 52
11 53
11 54
11 57
11 58
11 61
12 14
12 17
12 20
12 23
12 24
12 27
12 30
12 32
12 36
12 37
12 41
12 42
12 44
12 49
12 50
12 54
12 58
12 59
12 60
12 62
13 15
13 16
13 19
13 23
13 24
13 25
13 26
13 29
13 30
13 32
13 33
13 35
13 38
13 46
13 52
13 53
13 54
13 57
13 59
13 62
13 63
14 16
14 17
14 18
14 21
14 26
14 32
14 34
14 40
14 44
14 45
14 46
14 54
14 55
14 56
14 58
14 59
14 62
14 63
15 16
15 17
15 20
15 21
15 24
15 28
15 31
15 34
15 47
15 53
15 56
15 58
15 59
15 63
16 17
16 19
16 21
16 22
16 23
16 25
16 26
16 27
16 28
16 29
16 31
16 32
16 33
16 34
16 35
16 36
16 41
16 45
16 53
16 54
16 55
16 61
16 63
17 26
17 28
17 32
17 35
17 38
17 46
17 48
17 50
17 54
18 19
18 23
18 25
18 26
18 28
18 29
18 31
18 35
18 38
18 40
18 47
18 56
18 58
18 62
18 63
19 23
19 28
19 31
19 33
19 34
19 58
20 21
20 23
20 24
20 30
20 38
20 39
20 42
20 43
20 44
20 45
20 47
20 48
20 49
20 50
20 51
20 58
20 60
21 30
21 37
21 41
21 43
21 50
21 55
21 56
21 62
21 63
22 34
22 35
22 37
22 42
22 47
22 48
22 49
22 50
22 57
22 60
22 61
22 62
23 24
23 25
23 30
23 33
23 36
23 39
23 44
23 45
23 50
23 55
23 58
23 59
24 29
24 34
24 35
24 38
24 41
24 43
24 45
24 53
24 54
24 56
25 29
25 30
25 32
25 35
25 40
25 41
25 47
25 52
25 54
25 56
26 29
26 30
26 35
26 37
26 40
26 43
26 44
26 45
26 53
26 54
26 55
26 56
26 57
26 58
26 59
26 63
27 31
27 34
27 36
27 38
27 39
27 40
27 41
27 42
27 53
27 54
27 56
27 58
27 59
27 62
28 29
28 36
28 42
28 46
28 47
28 52
28 58
28 60
28 62
29 33
29 46
29 47
29 50
29 52
29 53
29 56
29 57
29 58
29 62
30 37
30 49
30 50
30 51
30 57
30 61
30 62
30 63
31 44
31 49
31 51
31 54
31 60
32 37
32 42
32 43
32 46
32 50
32 55
32 62
33 41
33 42
33 46
33 47
33 48
33 52
33 54
33 56
33 57
33 58
33 59
33 61
33 63
34 35
34 41
34 42
34 45
34 46
34 49
34 50
34 51
34 52
34 55
34 61
34 62
35 36
35 38
35 39
35 46
35 49
35 53
35 56
35 57
36 44
36 48
36 51
36 54
36 59
36 60
37 42
37 45
37 54
37 56
37 58
38 41
38 42
38 53
38 54
38 55
38 57
38 60
38 62
38 63
39 44
39 46
39 47
39 51
39 54
39 55
39 60
39 63
40 42
40 49
40 54
41 43
41 45
41 58
42 43
42 44
42 45
42 49
42 50
42 51
42 57
43 46
43 55
43 56
44 45
44 46
44 47
44 49
44 50
44 52
45 46
45 52
45 54
45 56
45 59
45 62
46 49
46 50
46 52
46 53
46 55
46 58
46 60
46 61
47 50
47 51
47 53
47 59
47 60
47 62
48 51
48 54
48 55
48 58
48 62
48 63
49 54
49 56
49 60
49 62
50 59
50 61
51 54
51 58
51 59
51 60
52 53
52 54
52 55
52 56
52 57
52 61
53 60
53 61
53 63
54 56
54 60
55 56
55 57
55 59
55 62
56 60
56 61
57 58
57 61
57 63
58 60
58 61
