64 600
0 2
0 6
0 7
0 12
0 14
0 16
0 39
0 43
0 46
0 47
0 49
0 57
0 58
0 59
0 60
0 62
0 63
1 6
1 7
1 10
1 14
1 20
1 23
1 24
1 26
1 28
1 29
1 31
1 32
1 46
1 49
1 50
1 52
1 60
2 4
2 9
2 11
2 17
2 19
2 24
2 26
2 28
2 29
2 31
2 32
2 33
2 36
2 42
2 44
2 47
2 50
2 53
3 6
3 7
3 12
3 14
3 17
3 24
3 44
3 46
3 50
3 59
3 62
4 9
4 15
4 17
4 19
4 21
4 24
4 27
4 29
4 31
4 32
4 33
4 36
4 40
4 47
4 56
4 57
4 59
4 63
5 6
5 8
5 12
5 19
5 28
5 29
5 31
5 32
5 34
5 42
5 45
5 46
5 47
5 48
5 50
5 51
5 53
5 55
5 57
5 60
6 10
6 18
6 20
6 22
6 24
6 25
6 26
6 34
6 36
6 37
6 39
6 41
6 43
6 48
6 50
6 57
6 62
6 63
7 10
7 16
7 18
7 19
7 22
7 34
7 36
7 37
7 38
7 40
7 48
7 49
7 51
7 53
7 61
8 11
8 15
8 16
8 18
8 19
8 21
8 24
8 25
8 26
8 31
8 32
8 33
8 34
8 37
8 38
8 40
8 41
8 42
8 43
8 44
8 47
8 48
8 54
8 55
8 56
8 58
8 61
9 14
9 20
9 22
9 23
9 38
9 53
9 54
9 55
9 56
9 62
10 15
10 27
10 28
10 34
10 36
10 37
10 38
10 45
10 52
10 53
10 56
10 57
10 58
11 13
11 18
11 22
11 25
11 26
11 27
11 28
11 32
11 39
11 47
11 50
11 58
11 63
12 14
12 15
12 16
12 18
12 19
12 24
12 26
12 29
12 32
12 34
12 35
12 40
12 43
12 44
12 47
12 50
12 63
13 25
13 28
13 30
13 31
13 33
13 37
13 38
13 40
13 41
13 45
13 47
13 50
13 51
13 56
13 57
13 60
14 21
14 32
14 35
14 36
14 41
14 48
14 58
14 61
15 17
15 25
15 26
15 32
15 33
15 37
15 38
15 43
15 44
15 47
15 49
15 50
15 53
15 54
15 57
15 61
16 17
16 19
16 20
16 24
16 33
16 36
16 40
16 41
16 43
16 45
16 49
16 51
16 54
16 59
16 60
16 61
17 20
17 21
17 25
17 26
17 28
17 31
17 33
17 34
17 37
17 42
17 44
17 47
17 50
17 52
17 63
18 20
18 21
18 22
18 24
18 25
18 26
18 43
18 44
18 47
18 48
18 49
18 52
18 53
18 57
18 62
18 63
19 20
19 25
19 30
19 31
19 35
19 37
19 39
19 41
19 44
19 45
19 46
19 47
19 55
19 57
19 58
19 61
20 21
20 28
20 29
20 35
20 43
20 46
20 47
20 51
20 55
20 60
20 63
21 22
21 24
21 25
21 27
21 33
21 35
21 36
21 37
21 39
21 41
21 43
21 50
21 52
21 59
21 62
22 24
22 27
22 34
22 35
22 36
22 38
22 40
22 48
22 50
22 51
22 52
22 55
22 56
22 60
22 61
23 25
23 27
23 32
23 40
23 42
23 44
23 46
23 49
23 53
23 54
23 55
23 56
23 57
23 63
24 31
24 32
24 33
24 43
24 45
24 55
24 57
24 58
24 59
24 60
24 61
25 26
25 30
25 33
25 38
25 48
25 50
25 59
25 60
25 63
26 29
26 33
26 34
26 42
26 44
26 47
26 51
26 53
26 55
27 32
27 35
27 59
27 60
28 30
28 31
28 33
28 39
28 48
28 49
28 50
28 53
28 54
28 59
28 60
28 62
28 63
29 31
29 33
29 34
29 35
29 39
29 42
29 48
29 51
29 52
29 58
29 62
30 33
30 37
30 39
30 41
30 45
30 46
30 48
30 49
30 52
30 55
30 60
30 61
31 33
31 34
31 35
31 37
31 52
31 55
31 57
31 60
31 63
32 36
32 38
32 40
32 42
32 45
32 46
32 52
32 55
32 57
32 63
33 35
33 41
33 43
33 46
33 50
33 55
33 57
34 35
34 36
34 37
34 39
34 41
34 42
34 48
34 50
34 56
34 57
34 59
35 37
35 40
35 41
35 44
35 49
35 50
35 51
35 53
35 54
35 57
35 60
35 61
35 63
36 40
36 43
36 46
36 49
36 51
36 52
36 54
36 57
36 61
37 38
37 41
37 43
37 46
37 48
37 52
37 55
38 43
38 44
38 50
38 59
38 63
39 40
39 41
39 43
39 49
39 50
40 45
40 51
40 58
40 59
40 62
41 43
41 47
41 49
41 50
41 53
41 55
41 58
41 62
42 44
42 46
42 47
42 54
42 57
42 58
42 59
42 60
42 62
43 45
43 47
43 51
43 52
43 53
43 55
43 57
43 62
43 63
44 46
44 47
44 55
44 62
45 49
45 51
45 53
45 54
45 57
46 48
46 55
46 56
47 53
47 55
47 63
48 52
48 56
48 57
48 58
48 59
49 51
49 54
49 57
49 63
50 51
50 52
50 53
50 56
50 58
50 60
50 63
51 53
51 55
51 63
52 54
52 55
52 61
53 55
53 57
53 58
53 60
54 55
54 56
54 61
55 56
55 57
55 59
56 61
57 60
57 63
58 62
59 61
