64 589
0 4
0 5
0 8
0 11
0 12
0 16
0 17
0 19
0 21
0 22
0 23
0 24
0 26
0 29
0 31
0 33
0 34
0 37
0 38
0 41
0 49
0 56
0 60
0 61
0 63
1 3
1 8
1 10
1 13
1 21
1 22
1 26
1 29
1 38
1 40
1 41
1 42
1 43
1 51
1 56
2 3
2 5
2 10
2 11
2 12
2 20
2 21
2 22
2 24
2 25
2 30
2 31
2 33
2 34
2 35
2 45
2 50
2 52
2 53
2 55
2 58
2 60
3 5
3 7
3 8
3 9
3 11
3 14
3 17
3 23
3 30
3 35
3 41
3 47
3 53
3 57
3 58
4 8
4 19
4 22
4 29
4 33
4 35
4 36
4 38
4 40
4 42
4 43
4 53
4 55
4 58
4 59
4 63
5 6
5 7
5 8
5 16
5 17
5 20
5 23
5 24
5 25
5 26
5 31
5 33
5 34
5 38
5 41
5 45
5 47
5 49
5 52
5 58
5 63
6 11
6 14
6 16
6 22
6 23
6 24
6 33
6 39
6 47
6 48
6 51
6 53
6 61
6 62
6 63
7 10
7 11
7 16
7 17
7 18
7 25
7 26
7 28
7 32
7 33
7 36
7 40
7 41
7 46
7 51
7 52
7 53
7 56
7 58
8 10
8 15
8 17
8 18
8 21
8 22
8 23
8 24
8 26
8 33
8 36
8 38
8 43
8 45
8 51
8 52
8 56
8 58
8 59
8 62
9 10
9 12
9 15
9 18
9 20
9 23
9 25
9 28
9 31
9 34
9 36
9 43
9 55
9 58
10 11
10 12
10 14
10 27
10 30
10 31
10 32
10 36
10 37
10 38
10 39
10 40
10 44
10 47
10 52
10 53
10 54
10 56
10 60
10 63
11 13
11 14
11 28
11 30
11 32
11 40
11 41
11 47
11 53
11 57
11 58
11 61
11 62
12 14
12 15
12 17
12 20
12 24
12 27
12 30
12 31
12 33
12 36
12 37
12 38
12 40
12 48
12 50
12 52
12 58
13 14
13 21
13 27
13 31
13 33
13 37
13 54
14 16
14 17
14 18
14 24
14 25
14 33
14 41
14 50
14 51
14 53
14 54
14 57
14 59
14 60
14 63
15 20
15 23
15 25
15 32
15 33
15 34
15 35
15 37
15 47
15 50
15 55
15 58
15 62
16 19
16 22
16 25
16 26
16 28
16 29
16 30
16 38
16 39
16 42
16 52
16 55
16 57
16 58
16 59
16 62
17 36
17 40
17 44
17 48
17 54
17 55
17 56
17 57
17 60
18 20
18 22
18 31
18 35
18 39
18 43
18 45
18 46
18 49
18 50
18 52
18 53
18 56
18 57
19 20
19 28
19 31
19 34
19 36
19 37
19 56
19 61
20 21
20 25
20 28
20 29
20 38
20 43
20 45
20 46
20 47
20 50
20 51
20 52
20 54
20 61
21 24
21 27
21 32
21 33
21 50
21 51
21 52
21 53
21 57
21 62
22 32
22 33
22 34
22 42
22 48
22 55
22 63
23 25
23 30
23 32
23 34
23 41
23 43
23 49
23 52
23 56
23 58
23 59
23 60
23 61
23 62
23 63
24 25
24 26
24 27
24 32
24 35
24 36
24 37
24 38
24 41
24 42
24 49
24 62
25 28
25 30
25 33
25 36
25 38
25 51
25 58
25 59
25 62
26 29
26 30
26 31
26 35
26 40
26 41
26 43
26 44
26 47
26 49
26 53
26 54
26 60
26 61
27 31
27 32
27 33
27 37
27 42
27 45
27 51
27 52
27 53
27 55
27 56
28 33
28 37
28 40
28 41
28 42
28 44
28 45
28 52
28 60
29 33
29 36
29 37
29 41
29 44
29 45
29 48
29 51
29 53
29 61
30 32
30 37
30 39
30 40
30 42
30 46
30 51
30 59
30 60
30 61
30 62
30 63
31 52
31 56
31 58
31 59
32 36
32 40
32 41
32 44
32 46
32 52
33 35
33 40
33 41
33 48
33 55
33 57
33 60
33 62
34 37
34 43
34 44
34 46
34 48
34 49
35 45
35 49
35 52
35 55
35 56
35 57
35 59
36 42
36 43
36 53
36 55
36 58
36 59
36 60
37 50
37 52
37 53
37 55
37 56
38 39
38 43
38 46
38 50
38 51
38 53
38 54
38 55
38 56
38 58
39 40
39 43
39 46
39 49
39 50
39 57
39 61
40 48
40 50
40 56
40 57
41 43
41 45
41 47
41 48
41 49
41 52
41 55
41 56
41 57
41 62
42 43
42 49
42 51
42 54
42 56
42 58
42 60
42 62
43 45
43 48
43 57
44 45
44 52
44 53
44 55
44 56
44 60
44 62
45 49
45 51
45 53
45 54
45 58
45 59
45 61
45 62
46 48
46 49
46 53
46 58
47 48
47 49
47 52
47 54
47 57
47 58
47 59
48 50
48 52
48 58
48 60
49 50
49 51
49 56
49 61
50 51
50 52
50 54
50 57
50 58
50 61
50 63
51 53
51 59
51 62
51 63
52 54
52 55
52 58
52 59
52 63
53 57
53 58
53 60
53 61
53 63
54 55
54 60
54 62
54 63
56 59
57 58
57 62
58 59
58 63
59 63
60 61
61 62
