64 638
0 3
0 5
0 10
0 12
0 15
0 19
0 23
0 33
0 34
0 36
0 41
0 42
0 43
0 44
0 51
0 52
0 58
0 59
0 62
0 63
1 2
1 3
1 6
1 12
1 13
1 17
1 18
1 20
1 23
1 24
1 25
1 26
1 27
1 35
1 43
1 44
1 46
1 47
1 52
1 53
1 62
2 5
2 11
2 12
2 13
2 14
2 17
2 25
2 26
2 27
2 29
2 34
2 42
2 43
2 45
2 48
2 50
2 54
2 60
2 63
3 9
3 12
3 21
3 23
3 28
3 30
3 33
3 36
3 37
3 38
3 41
3 42
3 45
3 49
3 51
3 52
4 6
4 7
4 10
4 14
4 18
4 22
4 29
4 30
4 31
4 32
4 34
4 35
4 37
4 41
4 43
4 46
4 50
4 53
4 55
4 58
4 59
5 7
5 16
5 19
5 20
5 31
5 44
5 46
5 51
5 52
5 53
5 58
5 59
5 60
5 61
6 18
6 22
6 31
6 39
6 42
6 47
6 48
6 53
6 57
6 60
6 63
7 13
7 14
7 16
7 17
7 22
7 26
7 33
7 36
7 37
7 38
7 44
7 46
7 50
7 59
7 62
8 9
8 14
8 15
8 16
8 18
8 24
8 25
8 37
8 38
8 45
8 49
8 51
8 55
8 56
8 57
8 61
9 15
9 16
9 19
9 20
9 22
9 23
9 24
9 27
9 28
9 30
9 31
9 38
9 40
9 41
9 43
9 45
9 50
9 53
9 54
9 57
9 60
9 62
9 63
10 12
10 17
10 20
10 22
10 26
10 27
10 31
10 34
10 35
10 38
10 44
10 48
10 50
10 51
10 53
10 54
10 62
10 63
11 12
11 18
11 19
11 20
11 22
11 27
11 32
11 35
11 45
11 47
11 51
11 52
11 53
11 55
11 57
11 58
11 59
11 62
11 63
12 13
12 16
12 17
12 22
12 23
12 24
12 27
12 36
12 42
12 44
12 48
12 49
12 51
12 53
12 56
12 57
12 58
12 61
13 14
13 20
13 23
13 25
13 29
13 30
13 32
13 35
13 37
13 38
13 39
13 40
13 44
13 45
13 46
13 52
13 54
13 56
13 58
13 60
13 61
13 62
13 63
14 16
14 20
14 29
14 30
14 36
14 38
14 40
14 46
14 50
14 51
14 55
14 57
14 58
14 59
14 60
14 62
14 63
15 21
15 23
15 25
15 31
15 33
15 34
15 40
15 44
15 50
15 51
15 52
15 55
15 60
15 61
15 63
16 22
16 24
16 25
16 27
16 28
16 39
16 40
16 41
16 42
16 43
16 47
16 56
16 60
17 30
17 37
17 39
17 40
17 42
17 48
17 52
17 53
17 54
17 55
17 58
17 60
17 62
17 63
18 22
18 25
18 37
18 40
18 41
18 42
18 44
18 45
18 52
18 55
18 57
18 59
18 62
19 20
19 21
19 31
19 32
19 36
19 44
19 46
19 51
19 53
19 54
19 57
19 58
19 62
20 25
20 28
20 37
20 41
20 42
20 46
20 49
20 50
20 54
20 58
20 61
21 22
21 23
21 27
21 28
21 30
21 35
21 37
21 38
21 40
21 43
21 44
21 56
21 59
21 60
21 62
22 23
22 24
22 26
22 33
22 35
22 38
22 42
22 43
22 44
22 47
22 49
22 53
22 54
22 55
22 59
22 62
22 63
23 24
23 25
23 36
23 37
23 39
23 48
23 52
23 58
23 59
24 28
24 29
24 35
24 38
24 43
24 46
24 50
24 51
24 59
24 60
24 62
25 29
25 31
25 32
25 34
25 35
25 36
25 40
25 42
25 47
25 51
25 52
25 54
25 56
25 57
25 59
26 27
26 28
26 36
26 41
26 45
26 51
26 54
26 55
26 56
26 61
26 62
27 28
27 29
27 30
27 31
27 32
27 34
27 35
27 38
27 39
27 46
27 54
27 55
27 56
27 59
27 61
27 63
28 40
28 41
28 43
28 46
28 48
28 54
28 62
28 63
29 30
29 36
29 39
29 44
29 46
29 48
29 54
29 57
29 58
30 37
30 38
30 42
30 47
30 53
30 58
30 60
31 33
31 35
31 45
31 50
31 53
31 55
31 60
31 63
32 34
32 40
32 42
32 49
32 50
32 52
32 62
32 63
33 39
33 42
33 48
33 53
33 56
33 57
34 41
34 42
34 43
34 48
34 49
34 51
34 52
34 58
34 59
35 38
35 39
35 42
35 45
35 48
35 50
35 53
35 54
35 55
35 56
35 57
35 62
36 37
36 41
36 43
36 49
36 51
36 52
36 54
36 55
36 59
37 39
37 40
37 43
37 45
37 49
37 53
37 54
37 55
37 59
37 61
38 39
38 40
38 41
38 49
38 50
38 52
38 53
38 60
38 61
38 62
39 40
39 43
39 45
39 48
39 53
39 58
40 41
40 42
40 45
40 46
40 51
40 52
40 59
40 63
41 43
41 46
41 50
41 51
41 53
41 55
41 60
41 61
42 49
42 50
42 59
42 62
43 48
43 49
43 51
43 54
43 56
43 57
43 60
44 46
44 48
44 50
44 58
44 59
45 47
45 56
45 57
45 60
45 61
45 63
46 48
46 54
46 59
47 48
47 50
47 53
47 56
47 57
47 60
48 50
48 53
48 54
48 56
48 59
48 61
49 54
49 60
50 52
50 59
50 63
51 53
51 54
51 55
51 56
51 57
51 58
51 59
51 60
51 62
52 53
52 54
52 55
52 56
52 63
53 58
53 60
53 61
53 62
54 55
54 57
54 61
55 56
55 58
55 59
55 60
55 62
56 59
57 61
58 63
59 61
59 62
59 63
60 62
61 62
