64 605
0 6
0 7
0 16
0 18
0 25
0 35
0 36
0 37
0 38
0 40
0 41
0 44
0 45
0 47
0 48
0 51
0 53
0 55
0 56
0 57
0 58
0 63
1 2
1 3
1 9
1 13
1 16
1 17
1 20
1 21
1 28
1 30
1 31
1 34
1 37
1 38
1 43
1 45
1 47
1 55
1 56
1 57
1 61
1 63
2 3
2 4
2 6
2 8
2 14
2 19
2 23
2 24
2 25
2 27
2 29
2 31
2 32
2 34
2 37
2 38
2 47
2 48
2 53
2 56
2 62
3 8
3 9
3 11
3 15
3 20
3 27
3 29
3 30
3 33
3 35
3 38
3 40
3 41
3 49
3 50
3 52
3 54
3 55
3 57
4 7
4 11
4 13
4 17
4 20
4 24
4 25
4 29
4 30
4 33
4 34
4 35
4 42
4 45
4 46
4 47
4 52
4 57
4 58
4 61
4 63
5 6
5 7
5 9
5 15
5 19
5 27
5 29
5 30
5 34
5 35
5 38
5 44
5 45
5 46
5 47
5 49
5 50
5 53
5 56
5 60
5 61
5 62
5 63
6 10
6 23
6 24
6 26
6 30
6 31
6 34
6 38
6 42
6 45
6 48
6 49
6 52
6 56
6 57
6 63
7 10
7 11
7 12
7 15
7 22
7 24
7 28
7 30
7 33
7 38
7 39
7 40
7 45
7 46
7 52
7 59
7 61
7 63
8 9
8 10
8 14
8 19
8 21
8 24
8 36
8 39
8 40
8 44
8 45
8 46
8 47
8 56
9 13
9 14
9 15
9 16
9 23
9 25
9 27
9 33
9 34
9 37
9 53
9 54
9 55
9 57
9 60
9 62
10 13
10 17
10 22
10 25
10 32
10 33
10 36
10 43
10 45
10 48
10 49
10 51
10 57
11 17
11 20
11 21
11 23
11 26
11 29
11 33
11 38
11 39
11 41
11 44
11 45
11 51
11 55
11 59
11 61
12 22
12 24
12 26
12 27
12 39
12 40
12 41
12 42
12 45
12 48
12 58
12 61
13 20
13 21
13 22
13 24
13 37
13 43
13 51
13 53
13 58
13 59
13 60
14 15
14 16
14 20
14 21
14 24
14 25
14 27
14 31
14 38
14 45
14 47
14 48
14 56
14 58
14 59
14 61
14 62
15 18
15 22
15 27
15 28
15 29
15 34
15 39
15 44
15 47
15 48
15 50
15 51
15 56
15 58
15 60
15 61
15 62
15 63
16 18
16 19
16 23
16 30
16 32
16 33
16 35
16 36
16 44
16 46
16 47
16 49
16 50
16 54
16 56
16 60
16 62
17 25
17 30
17 40
17 43
17 44
17 49
17 55
17 62
18 19
18 20
18 22
18 23
18 27
18 30
18 37
18 38
18 49
18 50
18 53
18 54
18 55
18 57
18 59
18 60
18 63
19 23
19 27
19 28
19 29
19 32
19 33
19 38
19 54
19 56
19 57
19 58
19 59
19 62
19 63
20 24
20 26
20 27
20 30
20 31
20 35
20 36
20 38
20 46
20 51
20 53
20 56
20 57
21 23
21 24
21 31
21 33
21 41
21 43
21 49
21 50
21 51
21 54
21 55
21 62
22 24
22 29
22 38
22 41
22 43
22 48
22 54
22 58
22 59
23 24
23 25
23 29
23 38
23 39
23 42
23 43
23 44
23 47
23 49
23 51
23 57
23 58
23 59
23 62
24 33
24 40
24 43
24 48
24 49
24 50
24 58
24 61
25 34
25 37
25 38
25 42
25 49
25 51
25 54
25 57
25 58
26 27
26 28
26 29
26 33
26 38
26 41
26 42
26 48
26 49
26 52
26 61
26 62
27 34
27 35
27 36
27 37
27 40
27 41
27 46
27 47
27 48
27 52
27 55
27 61
28 44
28 46
28 48
28 49
28 50
28 59
28 61
29 32
29 33
29 36
29 37
29 42
29 43
29 46
29 61
30 32
30 34
30 43
30 45
30 47
30 51
30 57
30 60
31 33
31 36
31 42
31 43
31 47
31 49
31 55
31 57
31 59
31 63
32 35
32 41
32 42
32 46
32 50
32 56
32 57
32 62
32 63
33 34
33 38
33 45
33 51
33 52
33 53
33 54
33 56
34 40
34 45
34 46
34 48
34 58
34 61
34 63
35 36
35 38
35 39
35 46
35 52
35 56
35 57
35 61
35 62
35 63
36 44
36 52
36 57
36 59
36 60
37 44
37 48
37 53
37 54
37 58
37 61
37 62
37 63
38 40
38 41
38 47
38 56
38 57
38 60
38 62
38 63
39 41
39 44
39 49
39 57
39 59
39 61
40 42
40 43
40 44
40 48
40 50
40 55
40 58
40 60
40 63
41 45
41 49
41 52
41 53
41 54
41 55
41 62
42 45
42 46
42 50
42 53
42 60
42 62
42 63
43 44
43 48
43 49
43 56
43 58
43 62
44 47
44 53
44 54
44 63
45 48
45 50
45 51
45 53
45 58
45 60
46 48
46 62
47 49
47 52
47 54
47 56
47 63
48 51
48 58
48 60
48 62
48 63
49 59
49 61
49 62
50 51
50 54
50 58
50 61
50 63
51 53
51 55
51 57
51 58
51 59
52 54
52 55
52 57
52 58
52 60
52 62
53 59
54 55
54 62
55 56
55 59
55 61
56 57
56 58
56 61
56 62
57 58
57 63
58 62
59 60
59 63
60 63
