64 596
0 2
0 6
0 9
0 10
0 12
0 14
0 15
0 19
0 21
0 23
0 26
0 27
0 28
0 30
0 31
0 43
0 45
0 47
0 48
0 49
0 52
0 61
0 62
1 5
1 8
1 10
1 13
1 19
1 21
1 30
1 32
1 33
1 34
1 35
1 37
1 39
1 40
1 44
1 51
1 54
1 57
1 60
1 62
2 5
2 7
2 15
2 21
2 24
2 26
2 29
2 31
2 32
2 36
2 39
2 43
2 46
2 47
2 48
2 50
2 53
2 57
2 63
3 5
3 9
3 16
3 17
3 21
3 22
3 25
3 28
3 36
3 42
3 43
3 44
3 45
3 46
3 47
3 49
3 50
3 53
3 56
3 59
3 60
3 63
4 10
4 12
4 17
4 19
4 22
4 26
4 27
4 28
4 30
4 31
4 36
4 38
4 43
4 44
4 45
4 47
4 58
5 7
5 11
5 14
5 20
5 21
5 25
5 27
5 28
5 30
5 33
5 41
5 44
5 50
5 51
5 57
6 13
6 23
6 32
6 35
6 47
6 48
6 50
6 51
6 52
6 54
6 57
7 15
7 18
7 22
7 25
7 33
7 35
7 47
7 50
7 56
7 57
7 58
7 59
7 60
7 62
8 11
8 19
8 21
8 24
8 25
8 26
8 27
8 29
8 31
8 34
8 35
8 37
8 41
8 48
8 49
8 50
8 55
8 56
8 60
8 61
8 62
8 63
9 15
9 24
9 28
9 31
9 38
9 39
9 40
9 42
9 47
9 51
9 58
9 61
10 16
10 21
10 23
10 25
10 26
10 28
10 32
10 35
10 43
10 47
10 53
10 55
10 59
10 63
11 18
11 30
11 35
11 39
11 41
11 43
11 47
11 48
11 53
11 55
11 57
11 59
11 60
11 62
11 63
12 18
12 22
12 24
12 26
12 30
12 35
12 36
12 38
12 43
12 46
12 49
12 50
12 53
12 56
12 57
12 58
12 59
12 62
13 15
13 17
13 18
13 22
13 29
13 30
13 35
13 38
13 44
13 45
13 46
13 48
13 50
13 54
13 62
14 16
14 17
14 19
14 24
14 27
14 29
14 30
14 32
14 34
14 35
14 36
14 42
14 43
14 46
14 47
14 48
14 51
14 55
14 59
14 60
15 18
15 23
15 38
15 44
15 48
15 53
15 54
15 55
16 20
16 21
16 27
16 31
16 33
16 46
16 48
16 55
16 61
17 19
17 22
17 23
17 35
17 44
17 46
17 47
17 49
17 51
17 52
17 56
17 57
17 60
18 19
18 21
18 22
18 25
18 27
18 30
18 32
18 33
18 38
18 40
18 42
18 44
18 46
18 48
18 49
18 51
18 62
18 63
19 23
19 24
19 25
19 26
19 34
19 35
19 42
19 46
19 48
19 49
19 50
19 53
19 56
20 22
20 26
20 28
20 29
20 35
20 37
20 40
20 42
20 46
20 51
20 56
20 57
20 59
20 60
20 63
21 26
21 28
21 29
21 32
21 33
21 34
21 37
21 42
21 44
21 48
21 56
21 59
21 61
22 25
22 28
22 30
22 36
22 37
22 39
22 41
22 42
22 46
22 49
22 50
22 53
22 57
22 58
22 61
23 28
23 31
23 38
23 49
23 50
23 54
23 58
23 60
24 27
24 29
24 30
24 31
24 32
24 33
24 40
24 46
24 49
24 51
24 52
24 53
24 54
24 60
24 61
24 62
25 27
25 32
25 40
25 42
25 49
25 50
25 54
25 57
25 63
26 34
26 35
26 39
26 45
26 46
26 47
26 49
26 51
26 54
26 55
27 28
27 30
27 32
27 34
27 47
27 49
27 57
28 29
28 31
28 34
28 36
28 38
28 41
28 42
28 43
28 46
28 48
28 50
28 51
28 54
28 57
28 63
29 35
29 36
29 37
29 43
29 44
29 48
29 49
29 51
29 57
29 58
30 31
30 32
30 34
30 40
30 44
30 45
30 48
30 52
30 53
30 56
30 57
30 60
30 63
31 38
31 41
31 42
31 53
32 34
32 35
32 36
32 41
32 45
32 46
32 49
32 54
32 58
32 60
32 63
33 37
33 39
33 47
33 49
33 58
33 59
34 38
34 39
34 41
34 44
34 45
34 46
34 50
34 52
34 54
34 55
34 56
34 59
34 62
35 36
35 52
35 54
35 59
36 42
36 49
36 54
36 57
36 59
36 62
36 63
37 41
37 42
37 52
37 53
37 57
37 60
37 61
38 39
38 41
38 46
38 53
38 54
38 56
38 57
38 58
38 62
39 40
39 44
39 48
39 53
39 60
39 62
39 63
40 42
40 46
40 56
40 59
40 63
41 42
41 49
41 51
41 55
41 63
42 44
42 49
42 50
42 60
43 44
43 52
43 57
43 60
43 61
43 62
44 46
44 49
44 53
44 54
44 56
44 57
44 58
44 60
44 63
45 46
45 47
45 48
45 49
45 57
45 58
45 62
45 63
46 48
46 54
46 55
46 59
47 56
47 58
47 59
47 60
48 49
48 51
48 55
48 61
49 50
49 51
49 52
49 54
49 55
49 56
49 58
49 60
49 61
50 53
50 61
50 63
51 58
52 53
52 56
52 63
53 61
53 62
54 58
54 60
54 61
54 62
55 57
55 61
56 60
57 58
58 59
59 63
61 62
62 63
