64 619
0 3
0 6
0 7
0 8
0 10
0 12
0 17
0 24
0 33
0 34
0 35
0 38
0 42
0 48
0 49
0 53
0 58
0 61
1 4
1 15
1 22
1 27
1 28
1 34
1 35
1 38
1 41
1 43
1 44
1 47
1 49
1 51
1 58
1 59
1 60
1 61
1 62
1 63
2 7
2 9
2 11
2 12
2 13
2 17
2 18
2 28
2 32
2 39
2 46
2 50
2 53
2 57
2 59
3 4
3 6
3 11
3 14
3 15
3 19
3 21
3 26
3 29
3 33
3 34
3 35
3 36
3 42
3 48
3 50
3 51
3 53
3 54
3 55
3 58
3 59
3 63
4 5
4 6
4 8
4 14
4 16
4 18
4 27
4 28
4 33
4 36
4 37
4 39
4 40
4 43
4 48
4 51
4 52
4 55
4 57
4 59
4 61
5 6
5 8
5 11
5 12
5 14
5 15
5 16
5 18
5 19
5 20
5 26
5 30
5 32
5 34
5 36
5 38
5 53
5 54
5 60
5 62
5 63
6 8
6 10
6 12
6 13
6 14
6 15
6 18
6 28
6 30
6 38
6 41
6 43
6 44
6 45
6 46
6 50
6 57
6 60
6 63
7 9
7 14
7 16
7 25
7 27
7 29
7 32
7 38
7 39
7 42
7 43
7 45
7 51
7 52
7 53
7 59
7 63
8 10
8 11
8 17
8 18
8 19
8 22
8 25
8 27
8 31
8 33
8 35
8 39
8 41
8 42
8 47
8 48
8 51
8 59
8 60
9 13
9 18
9 19
9 21
9 22
9 30
9 32
9 37
9 41
9 47
9 51
9 58
9 60
9 63
10 12
10 14
10 18
10 19
10 21
10 27
10 33
10 37
10 40
10 47
10 49
10 51
10 54
10 55
10 57
10 60
10 63
11 12
11 14
11 15
11 18
11 22
11 23
11 24
11 27
11 32
11 37
11 40
11 42
11 43
11 46
11 47
11 48
11 50
11 60
11 62
12 16
12 18
12 22
12 30
12 33
12 34
12 41
12 42
12 43
12 49
12 53
12 59
12 63
13 15
13 23
13 25
13 40
13 43
13 48
13 52
13 61
14 18
14 19
14 20
14 22
14 23
14 27
14 34
14 37
14 40
14 44
14 45
14 53
14 58
14 60
14 62
14 63
15 18
15 19
15 24
15 25
15 26
15 27
15 31
15 37
15 41
15 45
15 46
15 49
15 52
15 55
16 20
16 21
16 22
16 24
16 25
16 27
16 33
16 34
16 37
16 39
16 44
16 45
16 46
16 50
16 52
16 54
16 57
16 61
17 20
17 24
17 29
17 31
17 34
17 36
17 42
17 48
17 50
17 54
17 57
17 59
18 20
18 21
18 22
18 25
18 27
18 30
18 31
18 32
18 34
18 37
18 44
18 51
18 55
18 57
18 58
18 59
19 22
19 25
19 27
19 28
19 30
19 31
19 34
19 37
19 42
19 43
19 45
19 47
19 49
19 54
19 58
19 60
19 63
20 21
20 31
20 37
20 46
20 47
20 48
20 49
20 51
20 52
20 53
20 55
20 58
20 63
21 28
21 31
21 32
21 33
21 38
21 42
21 45
21 49
21 50
21 51
21 52
21 56
21 57
21 60
22 23
22 24
22 26
22 27
22 29
22 30
22 33
22 34
22 39
22 40
22 44
22 45
22 46
22 47
22 48
22 50
22 54
22 57
22 59
22 60
22 62
23 25
23 27
23 33
23 37
23 40
23 46
23 47
23 48
23 49
23 50
23 53
23 54
23 57
23 58
23 61
24 26
24 27
24 31
24 35
24 37
24 39
24 41
24 48
24 57
24 58
24 62
25 40
25 42
25 43
25 49
25 53
25 54
25 55
25 61
26 27
26 32
26 40
26 41
26 48
26 49
26 53
26 55
26 58
26 62
27 36
27 40
27 41
27 42
27 43
27 49
27 50
27 53
27 54
27 56
27 57
27 58
27 61
28 29
28 34
28 38
28 42
28 43
28 49
28 55
28 56
28 60
28 61
29 31
29 33
29 35
29 43
29 44
29 45
29 56
29 59
29 60
29 61
29 62
30 33
30 35
30 36
30 51
31 37
31 40
31 42
31 46
31 51
31 59
32 33
32 34
32 35
32 36
32 38
32 41
32 44
32 45
32 47
32 50
32 54
32 60
32 62
33 42
33 51
33 62
34 35
34 38
34 39
34 43
34 44
34 45
34 48
34 56
34 61
35 36
35 41
35 48
35 52
35 57
35 60
35 63
36 38
36 39
36 44
36 47
36 51
36 54
36 57
36 63
37 38
37 41
37 48
37 51
37 53
37 58
38 44
38 48
38 52
38 54
38 59
38 62
38 63
39 43
39 45
39 46
39 50
39 56
39 57
39 61
39 62
40 43
40 45
40 47
41 42
41 44
41 58
41 61
42 47
42 48
42 51
42 52
42 56
42 59
43 44
43 45
43 46
43 47
43 54
43 58
43 60
44 45
44 48
44 50
44 52
44 53
44 57
44 59
44 61
45 46
45 51
45 53
45 56
45 58
45 63
46 54
46 56
46 57
46 58
46 63
47 52
47 53
47 54
47 60
47 62
47 63
48 53
48 54
48 55
48 63
49 52
49 57
49 58
49 62
49 63
50 51
50 52
50 53
50 54
50 58
50 60
51 53
51 55
51 57
51 58
51 59
51 61
51 63
52 61
52 62
52 63
53 56
53 61
54 60
54 61
54 62
55 57
55 60
55 61
56 58
56 61
56 63
57 62
59 60
59 61
59 63
