64 609
0 3
0 9
0 10
0 11
0 16
0 17
0 21
0 22
0 29
0 36
0 42
0 48
0 50
0 51
0 52
0 54
0 55
0 60
1 6
1 7
1 9
1 15
1 19
1 22
1 24
1 26
1 28
1 30
1 31
1 32
1 33
1 44
1 59
1 61
2 8
2 11
2 14
2 16
2 26
2 29
2 34
2 35
2 36
2 40
2 45
2 46
2 47
2 50
2 58
2 63
3 8
3 10
3 12
3 15
3 24
3 27
3 28
3 34
3 45
3 46
3 48
4 5
4 8
4 13
4 14
4 16
4 17
4 18
4 19
4 25
4 28
4 30
4 39
4 42
4 44
4 46
4 58
4 59
4 61
5 7
5 10
5 18
5 19
5 21
5 22
5 25
5 26
5 27
5 28
5 31
5 32
5 38
5 39
5 45
5 47
5 48
5 53
5 54
5 59
5 61
5 62
6 9
6 13
6 14
6 15
6 16
6 17
6 23
6 26
6 29
6 32
6 34
6 36
6 38
6 39
6 49
6 55
6 57
6 58
6 59
7 8
7 9
7 11
7 16
7 17
7 19
7 27
7 28
7 30
7 35
7 41
7 44
7 47
7 48
7 52
7 54
7 56
7 57
7 59
7 61
7 62
8 10
8 13
8 15
8 17
8 21
8 33
8 41
8 46
8 47
8 50
8 51
8 52
8 54
8 58
8 60
8 62
9 10
9 17
9 20
9 27
9 28
9 34
9 39
9 40
9 41
9 44
9 48
9 51
9 52
9 53
9 57
9 58
9 59
9 63
10 13
10 14
10 19
10 22
10 23
10 24
10 25
10 26
10 28
10 32
10 33
10 37
10 43
10 44
10 46
10 52
10 53
10 57
11 15
11 17
11 18
11 25
11 27
11 32
11 34
11 42
11 45
11 50
11 53
11 56
11 60
11 63
12 14
12 20
12 22
12 26
12 30
12 33
12 42
12 47
12 48
12 50
12 53
12 54
12 55
12 59
12 61
13 14
13 26
13 27
13 28
13 30
13 32
13 37
13 40
13 41
13 45
13 54
13 55
13 56
13 58
14 17
14 18
14 20
14 24
14 35
14 38
14 48
14 55
14 56
14 57
14 58
14 62
15 18
15 22
15 24
15 25
15 27
15 29
15 33
15 38
15 39
15 47
15 49
15 50
15 52
15 53
15 55
15 56
15 60
16 17
16 18
16 25
16 32
16 35
16 38
16 43
16 49
16 50
16 52
16 53
16 55
16 56
16 57
16 59
16 62
17 18
17 19
17 20
17 22
17 24
17 37
17 40
17 44
17 46
17 49
17 51
17 52
17 54
17 57
17 59
17 61
17 62
17 63
18 20
18 23
18 24
18 34
18 35
18 37
18 39
18 40
18 51
18 56
18 62
18 63
19 23
19 24
19 27
19 29
19 30
19 34
19 42
19 43
19 44
19 48
19 53
19 57
19 58
19 62
19 63
20 24
20 26
20 29
20 30
20 38
20 39
20 46
20 47
20 53
20 56
20 58
20 60
20 63
21 23
21 24
21 25
21 27
21 30
21 33
21 35
21 36
21 39
21 41
21 44
21 45
21 46
21 47
21 48
21 50
21 51
21 52
21 55
22 24
22 32
22 36
22 41
22 42
22 44
22 46
22 51
22 58
23 25
23 30
23 31
23 34
23 38
23 39
23 49
23 53
23 60
23 62
24 25
24 31
24 32
24 39
24 41
24 44
24 45
24 48
24 52
24 53
24 56
24 61
25 27
25 30
25 33
25 34
25 38
25 40
25 41
25 43
25 48
25 50
25 58
25 62
25 63
26 33
26 34
26 35
26 41
26 42
26 43
26 47
26 49
26 50
26 57
26 61
26 62
26 63
27 28
27 31
27 32
27 33
27 39
27 40
27 46
27 47
27 51
27 53
27 54
27 60
27 62
28 30
28 37
28 42
28 43
28 51
28 54
28 56
28 57
28 62
28 63
29 31
29 33
29 35
29 39
29 40
29 44
29 53
29 54
29 62
30 31
30 41
30 46
30 51
30 53
30 54
30 57
30 59
30 60
30 62
31 36
31 42
31 47
31 48
31 49
31 55
31 57
31 61
31 63
32 35
32 41
32 42
32 43
32 47
32 49
32 51
32 54
32 55
32 56
32 58
32 60
33 34
33 35
33 36
33 38
33 42
33 43
33 45
33 54
33 57
33 58
33 59
34 39
34 40
34 41
34 42
34 49
34 51
34 56
35 42
35 43
35 46
35 51
35 52
35 53
36 38
36 40
36 42
36 44
36 45
36 46
36 50
36 56
36 58
36 62
37 38
37 43
37 46
37 47
37 53
37 54
37 63
38 39
38 41
38 50
38 62
39 40
39 42
39 44
39 46
39 48
39 51
39 52
39 54
39 55
39 58
39 61
39 62
40 42
40 50
40 54
40 56
40 60
41 44
41 45
41 47
41 48
41 51
41 55
41 56
41 57
41 58
41 62
42 47
42 48
42 54
42 57
42 58
42 63
43 48
43 49
43 51
43 52
43 55
43 56
43 58
43 61
43 62
43 63
44 49
44 54
44 56
44 57
45 46
45 48
45 49
45 52
45 55
46 51
46 52
46 55
46 56
46 60
47 48
47 57
47 60
47 62
48 58
48 59
48 61
48 62
49 53
49 56
49 58
50 56
50 59
51 53
51 62
52 54
52 61
53 62
54 60
54 63
55 60
55 63
56 59
56 63
57 58
57 59
57 60
57 62
58 63
