64 191
0 3
0 18
0 22
0 23
0 55
0 56
0 59
1 7
1 35
1 46
1 47
1 49
1 56
1 59
1 63
2 3
2 7
2 13
2 14
2 28
2 30
2 57
3 7
3 11
3 19
3 49
4 36
4 51
5 20
5 35
6 11
6 41
6 45
7 9
7 10
7 11
7 13
7 21
7 26
7 43
7 44
7 50
7 51
7 63
8 20
8 47
8 59
8 63
9 13
9 18
9 40
9 50
9 61
9 62
10 22
10 34
10 44
10 56
11 12
11 32
11 41
11 63
12 16
12 21
12 27
12 29
12 49
12 55
13 16
13 25
13 29
13 32
14 20
14 25
15 25
15 28
15 41
15 56
15 62
16 17
16 22
16 38
16 49
17 33
17 42
18 31
18 35
18 53
19 34
19 36
19 37
19 48
19 54
19 61
20 48
20 52
20 63
21 36
22 52
22 54
22 57
23 26
23 39
23 53
23 56
24 35
24 51
24 58
24 61
25 26
25 37
25 40
25 52
25 57
25 62
26 49
26 50
27 46
27 53
27 54
27 63
28 33
28 38
28 44
28 46
28 47
28 52
28 57
29 38
29 44
29 49
29 50
29 56
30 44
31 39
31 40
31 41
31 56
31 62
32 56
32 61
33 35
33 51
34 35
34 51
34 53
34 56
34 58
35 49
35 62
36 41
36 42
36 52
37 44
37 48
37 52
38 44
38 47
39 48
39 53
39 60
40 42
40 63
41 52
42 47
42 49
42 57
42 58
42 63
43 63
44 55
44 62
44 63
45 56
45 61
46 54
46 56
46 57
47 63
49 61
50 54
50 58
51 58
52 56
52 62
54 60
55 57
56 59
57 59
57 60
58 61
