64 199
0 1
0 19
0 35
0 39
0 57
1 5
1 20
1 27
1 37
1 38
1 56
1 59
1 62
2 5
2 13
2 33
2 44
2 58
3 25
3 37
3 55
3 58
4 10
4 14
4 15
4 30
4 31
4 34
4 55
5 10
5 11
5 26
5 49
5 53
5 55
5 61
6 19
6 24
6 35
6 38
6 43
6 47
6 51
7 19
7 20
7 29
7 32
7 42
7 52
8 15
8 24
8 29
8 31
8 38
8 42
8 49
9 12
9 14
9 25
9 27
9 46
9 52
9 56
10 24
10 35
10 49
10 52
10 60
10 61
11 15
11 36
11 43
11 44
11 53
11 54
11 61
12 14
12 28
12 29
13 57
13 60
13 63
14 26
14 28
14 44
15 46
16 57
17 27
17 29
17 38
17 44
17 48
17 51
17 58
17 63
18 52
19 35
20 21
20 23
20 54
21 27
21 28
21 29
21 32
21 35
21 61
21 63
22 36
22 44
22 60
23 31
23 32
23 37
23 39
24 28
24 33
24 40
24 44
24 55
24 59
25 51
26 30
26 42
26 49
26 60
27 33
27 45
28 30
28 46
28 48
28 54
29 37
29 38
29 41
29 44
29 50
30 32
30 46
30 48
30 60
31 35
31 57
32 34
32 39
32 53
32 54
32 57
32 58
32 59
33 36
33 39
33 48
33 62
34 36
34 47
34 54
34 62
35 37
35 42
35 57
37 54
37 56
37 57
37 59
38 44
38 56
38 61
39 46
39 61
39 62
40 43
40 44
40 59
40 60
41 49
42 46
42 51
42 53
42 55
42 57
43 45
45 52
45 57
45 62
46 49
47 59
48 58
49 52
49 62
50 54
52 53
52 57
52 61
53 57
53 58
54 59
55 62
56 63
57 58
