64 198
0 17
0 19
0 28
0 33
0 43
1 4
1 8
1 21
1 31
1 48
1 50
1 57
2 9
2 13
2 26
2 28
2 32
2 39
2 43
2 44
2 50
2 62
2 63
3 7
3 34
3 38
3 39
3 53
4 8
4 10
4 11
4 19
4 30
4 40
4 59
5 31
5 39
5 41
5 43
6 37
6 44
7 18
7 28
7 30
7 38
7 63
8 13
8 31
8 34
9 33
9 36
9 37
9 45
9 52
10 30
10 34
10 40
10 41
10 48
10 50
11 12
11 25
11 36
11 53
11 54
11 56
12 18
12 26
12 29
12 38
12 59
13 17
13 26
13 39
13 44
13 49
13 50
13 52
14 22
14 28
14 37
14 48
14 50
14 54
15 19
15 36
15 56
16 17
16 22
16 34
16 38
16 41
16 42
16 46
17 28
17 38
17 41
17 46
17 48
17 51
17 55
18 31
18 43
18 44
18 54
18 62
19 26
19 28
19 34
19 50
20 32
20 49
20 50
21 26
21 32
21 43
21 44
21 47
21 48
21 53
22 38
22 40
22 51
23 31
23 35
23 44
24 37
24 55
25 38
25 49
25 52
26 42
26 49
26 50
26 53
26 57
27 32
27 57
28 39
28 43
28 45
28 52
28 58
29 56
29 59
29 60
30 38
30 51
30 56
30 63
31 39
31 45
31 47
31 56
32 61
33 34
33 45
33 56
33 61
34 50
34 61
34 63
35 47
35 54
36 43
36 59
36 61
37 46
37 57
38 40
38 42
38 48
38 58
38 60
39 42
40 41
40 42
40 45
40 53
42 55
42 60
43 51
45 55
45 57
46 49
46 60
47 51
48 53
50 57
50 60
50 62
51 56
51 57
51 59
51 60
52 56
55 62
56 57
