64 193
0 8
0 24
0 32
0 49
0 55
0 60
0 62
1 46
1 50
1 54
2 16
2 18
2 30
2 37
2 44
2 45
2 47
3 9
3 26
3 45
3 47
3 52
3 59
4 39
4 60
5 13
5 43
5 44
5 50
5 59
6 13
6 22
6 34
6 37
6 47
6 56
7 10
7 31
7 38
7 48
7 53
7 60
8 26
8 27
8 31
8 42
8 51
8 56
8 60
8 63
9 31
9 36
9 37
9 60
10 22
10 33
11 16
11 23
11 33
11 49
11 50
11 56
12 59
13 15
13 31
13 35
13 54
13 60
13 62
14 37
14 39
14 42
14 57
14 60
15 29
15 34
15 40
15 45
15 46
15 54
15 57
15 63
16 17
16 21
16 42
16 46
16 54
16 62
17 18
17 21
17 25
17 28
17 30
17 45
17 52
17 54
17 60
18 22
18 27
18 30
18 35
18 37
18 53
18 59
18 62
19 35
19 43
20 29
20 46
20 60
21 39
21 43
21 51
21 56
21 59
22 23
22 27
22 39
22 42
22 58
22 63
23 48
23 54
24 42
24 45
24 54
24 58
24 59
25 54
25 63
26 63
27 38
27 63
28 33
28 36
28 37
28 40
29 41
29 62
30 33
30 41
30 45
30 49
30 50
30 62
31 36
31 39
31 44
31 49
32 38
34 47
35 45
35 56
35 63
36 53
36 55
36 56
37 47
37 48
37 53
37 57
38 44
38 48
39 53
39 58
40 44
40 53
41 52
41 54
42 45
43 53
43 59
43 63
44 55
45 50
46 48
46 63
47 49
47 53
48 49
48 53
49 56
49 61
50 53
50 58
50 60
50 63
51 58
53 55
53 60
53 62
57 60
59 60
